3    0.13953972944515267
6    0.31070171809533625
9    0.6065354973487173
12    0.9950873879381845
15    0.6225401837311662
18    0.4228697401091453
21    0.3184318021358469
24    0.23209688137981627
27    0.17674944940251083
30    0.14234251259068612
33    0.1122695312290273
36    0.09098966578757944
39    0.07608526029619408
42    0.061806166939141274
45    0.051060614558487594
48    0.05018833542600459
51    0.059483021964063186
54    0.05032253727037642
57    0.05217786332526829
60    0.05213732158669127
63    0.04990288699278607
66    0.011645405197246076
